
Test config
Factor: 0
A: row-tiled64x64 tiled-iterative(simd-tiled-bc)
B: column-tiled-64x64 tiled-iterative(simd-tiled-bc)
C: row-tiled64x64 tiled-iterative(simd-tiled-bc)
n	p	m	Trials	Min    [s]	Lower  [s]	Median [s]	Upper  [s]	Max [s]	L2 hits	L2 misses	L3 hits	L3 misses	Inst. ret.	CPU Energy [J]	DRAM Energy [J]
128	128	128	1	0.001000	0.001000	0.001000	0.001000	0.001000	1419	5861	1356	4505	2321544	0.015350	281474973883766.000000	
256	256	256	1	0.004000	0.004000	0.004000	0.004000	0.004000	10734	12010	3453	8557	16987634	0.081192	281474973883766.000000	
512	512	512	1	0.030000	0.030000	0.030000	0.030000	0.030000	105391	66884	6632	60252	131979356	0.584579	281474973883766.000000	
1024	1024	1024	1	0.234000	0.234000	0.234000	0.234000	0.234000	851900	2235733	13659	2222074	1048367937	4.868942	281474973883766.000000	
2048	2048	2048	1	1.805000	1.805000	1.805000	1.805000	1.805000	6881450	18803959	69615	18734344	8370397122	37.307327	281474973883766.000000	
4096	4096	4096	1	14.503000	14.503000	14.503000	14.503000	14.503000	55314178	154222091	673218	153548873	66902836595	300.830551	281474973883766.000000	
8192	8192	8192	1	118.036000	118.036000	118.036000	118.036000	118.036000	452865746	1511572948	4607366	1506965582	534749008061	2446.455994	281474973883766.000000	
