Test config
Factor: 0
A: row-based naive
B: column-based naive
C: row-based naive
n	p	m	Trials	Min    [s]	Lower  [s]	Median [s]	Upper  [s]	Max [s]	L2 hits	L2 misses	L3 hits	L3 misses	Inst. ret.	CPU Energy [J]	DRAM Energy [J]
16	16	16	1	0.000000	0.000000	0.000000	0.000000	0.000000	139	1178	931	247	272333	0.014557	281472829270027.406250	
24	24	24	1	0.000000	0.000000	0.000000	0.000000	0.000000	317	866	779	87	370448	0.015259	281472829270027.406250	
32	32	32	1	0.000000	0.000000	0.000000	0.000000	0.000000	716	525	422	103	541874	0.000000	281472829270027.406250	
40	40	40	1	0.000000	0.000000	0.000000	0.000000	0.000000	853	1583	1003	580	892467	0.000000	281472829270027.406250	
48	48	48	1	0.000000	0.000000	0.000000	0.000000	0.000000	26	1949	1640	309	1277138	0.000000	281472829270027.406250	
56	56	56	1	0.001000	0.001000	0.001000	0.001000	0.001000	135	1286	1009	277	1854225	0.013931	281472829270027.406250	
64	64	64	1	0.001000	0.001000	0.001000	0.001000	0.001000	1725	3037	2246	791	2822842	0.012650	281472829270027.406250	
72	72	72	1	0.001000	0.001000	0.001000	0.001000	0.001000	546	1589	1413	176	3670130	0.010056	281472829270027.406250	
80	80	80	1	0.001000	0.001000	0.001000	0.001000	0.001000	1280	3611	2038	1573	5122596	0.010742	281472829270027.406250	
88	88	88	1	0.001000	0.001000	0.001000	0.001000	0.001000	1706	1395	851	544	6524222	0.011139	281472829270027.406250	
96	96	96	1	0.002000	0.002000	0.002000	0.002000	0.002000	1630	1734	1194	540	8371490	0.022369	281472829270027.406250	
104	104	104	1	0.002000	0.002000	0.002000	0.002000	0.002000	3229	2079	1571	508	10581971	0.032516	281472829270027.406250	
112	112	112	1	0.003000	0.003000	0.003000	0.003000	0.003000	1827	2112	1396	716	13102984	0.032135	281472829270027.406250	
120	120	120	1	0.004000	0.004000	0.004000	0.004000	0.004000	2390	2530	1628	902	16035712	0.042282	281472829270027.406250	
128	128	128	1	0.005000	0.005000	0.005000	0.005000	0.005000	1788	3692	2092	1600	19428084	0.049026	281472829270027.406250	
136	136	136	1	0.006000	0.006000	0.006000	0.006000	0.006000	2879	5270	2061	3209	23196786	0.045746	281472829270027.406250	
144	144	144	1	0.006000	0.006000	0.006000	0.006000	0.006000	4860	3012	1599	1413	27452061	0.057526	281472829270027.406250	
152	152	152	1	0.008000	0.008000	0.008000	0.008000	0.008000	3479	3480	1784	1696	32226085	0.060287	281472829270027.406250	
160	160	160	1	0.009000	0.009000	0.009000	0.009000	0.009000	4306	3627	1819	1808	37513501	0.077759	281472829270027.406250	
168	168	168	1	0.010000	0.010000	0.010000	0.010000	0.010000	3715	3674	1911	1763	43362169	0.086090	281472829270027.406250	
176	176	176	1	0.012000	0.012000	0.012000	0.012000	0.012000	2374	3900	2129	1771	49800263	0.094238	281472829270027.406250	
184	184	184	1	0.013000	0.013000	0.013000	0.013000	0.013000	3475	8086	2350	5736	56836047	0.121582	281472829270027.406250	
192	192	192	1	0.015000	0.015000	0.015000	0.015000	0.015000	1236	4182	2312	1870	64521010	0.119247	281472829270027.406250	
200	200	200	1	0.007000	0.007000	0.007000	0.007000	0.007000	1779	5088	3280	1808	72837137	0.144623	281472829270027.406250	
208	208	208	1	0.008000	0.008000	0.008000	0.008000	0.008000	3808	10031	4141	5890	81879331	0.146820	281472829270027.406250	
216	216	216	1	0.009000	0.009000	0.009000	0.009000	0.009000	2390	5971	4265	1706	91639386	0.161072	281472829270027.406250	
224	224	224	1	0.010000	0.010000	0.010000	0.010000	0.010000	2188	8085	6286	1799	102160790	0.183655	281472829270027.406250	
232	232	232	1	0.011000	0.011000	0.011000	0.011000	0.011000	1549	7161	4821	2340	113450851	0.201340	281472829270027.406250	
240	240	240	1	0.012000	0.012000	0.012000	0.012000	0.012000	1257	7973	6213	1760	125539262	0.221191	281472829270027.406250	
248	248	248	1	0.013000	0.013000	0.013000	0.013000	0.013000	997	7277	5651	1626	138461257	0.234665	281472829270027.406250	
256	256	256	1	0.015000	0.015000	0.015000	0.015000	0.015000	9803	32372	30449	1923	152454863	0.275284	281472829270027.406250	
264	264	264	1	0.016000	0.016000	0.016000	0.016000	0.016000	514	9905	7920	1985	167233358	0.295181	281472829270027.406250	
272	272	272	1	0.017000	0.017000	0.017000	0.017000	0.017000	501	11474	9777	1697	182835445	0.312683	281472829270027.406250	
280	280	280	1	0.019000	0.019000	0.019000	0.019000	0.019000	561	11840	9346	2494	199368652	0.351013	281472829270027.406250	
288	288	288	1	0.020000	0.020000	0.020000	0.020000	0.020000	692	11899	7610	4289	216891120	0.369339	281472829270027.406250	
296	296	296	1	0.022000	0.022000	0.022000	0.022000	0.022000	695	12677	10519	2158	235405530	0.406586	281472829270027.406250	
304	304	304	1	0.024000	0.024000	0.024000	0.024000	0.024000	851	23315	13947	9368	255291332	0.448868	281472829270027.406250	
312	312	312	1	0.026000	0.026000	0.026000	0.026000	0.026000	751	12437	10781	1656	275555249	0.462021	281472829270027.406250	
320	320	320	1	0.028000	0.028000	0.028000	0.028000	0.028000	873	14733	11405	3328	297294520	0.504349	281472829270027.406250	
328	328	328	1	0.030000	0.030000	0.030000	0.030000	0.030000	687	13975	11952	2023	319982902	0.553040	281472829270027.406250	
336	336	336	1	0.032000	0.032000	0.032000	0.032000	0.032000	675	15707	13965	1742	343897116	0.590317	281472829270027.406250	
344	344	344	1	0.034000	0.034000	0.034000	0.034000	0.034000	860	16486	13613	2873	369004847	0.659561	281472829270027.406250	
352	352	352	1	0.037000	0.037000	0.037000	0.037000	0.037000	778	13417	11331	2086	395257694	0.680618	281472829270027.406250	
360	360	360	1	0.039000	0.039000	0.039000	0.039000	0.039000	711	19295	15335	3960	422792848	0.721634	281472829270027.406250	
368	368	368	1	0.042000	0.042000	0.042000	0.042000	0.042000	917	22950	18855	4095	451483795	0.778046	281472829270027.406250	
376	376	376	1	0.044000	0.044000	0.044000	0.044000	0.044000	768	24464	18440	6024	481570350	0.838547	281472829270027.406250	
384	384	384	1	0.047000	0.047000	0.047000	0.047000	0.047000	1717	18096	13324	4772	513429007	0.873245	281472829270027.406250	
392	392	392	1	0.050000	0.050000	0.050000	0.050000	0.050000	797	19899	17890	2009	545456200	0.925293	281472829270027.406250	
400	400	400	1	0.053000	0.053000	0.053000	0.053000	0.053000	1244	32114	26903	5211	580854772	1.009399	281472829270027.406250	
408	408	408	1	0.056000	0.056000	0.056000	0.056000	0.056000	1056	27781	22493	5288	614865718	1.036865	281472829270027.406250	
416	416	416	1	0.060000	0.060000	0.060000	0.060000	0.060000	1027	21705	16955	4750	651635727	1.111053	281472829270027.406250	
424	424	424	1	0.063000	0.063000	0.063000	0.063000	0.063000	910	27267	22020	5247	689878735	1.166916	281472829270027.406250	
432	432	432	1	0.067000	0.067000	0.067000	0.067000	0.067000	941	33317	28027	5290	729578931	1.237656	281472829270027.406250	
440	440	440	1	0.071000	0.071000	0.071000	0.071000	0.071000	1002	29548	23965	5583	770786386	1.313843	281472829270027.406250	
448	448	448	1	0.074000	0.074000	0.074000	0.074000	0.074000	1291	26537	20527	6010	813518598	1.388077	281472829270027.406250	
456	456	456	1	0.078000	0.078000	0.078000	0.078000	0.078000	1274	41173	32349	8824	858293045	1.450958	281472829270027.406250	
464	464	464	1	0.083000	0.083000	0.083000	0.083000	0.083000	1026	43534	35623	7911	903657061	1.516937	281472829270027.406250	
472	472	472	1	0.087000	0.087000	0.087000	0.087000	0.087000	10355	49903	32948	16955	953178068	1.606033	281472829270027.406250	
480	480	480	1	0.091000	0.091000	0.091000	0.091000	0.091000	1174	38219	27947	10272	1000238592	1.685135	281472829270027.406250	
488	488	488	1	0.096000	0.096000	0.096000	0.096000	0.096000	1696	57315	40526	16789	1051966752	1.802719	281472829270027.406250	
496	496	496	1	0.101000	0.101000	0.101000	0.101000	0.101000	1477	64172	47209	16963	1104803136	1.862350	281472829270027.406250	
504	504	504	1	0.106000	0.106000	0.106000	0.106000	0.106000	1116	59297	43042	16255	1157572616	1.963928	281472829270027.406250	
512	512	512	1	0.109000	0.109000	0.109000	0.109000	0.109000	4617	58233	40153	18080	1213541899	2.042542	281472829270027.406250	
520	520	520	1	0.116000	0.116000	0.116000	0.116000	0.116000	1276	68578	51327	17251	1271193416	2.135254	281472829270027.406250	
528	528	528	1	0.121000	0.121000	0.121000	0.121000	0.121000	1351	86917	68144	18773	1330654458	2.243164	281472829270027.406250	
536	536	536	1	0.127000	0.127000	0.127000	0.127000	0.127000	1716	100436	69889	30547	1392384400	2.342255	281472829270027.406250	
544	544	544	1	0.132000	0.132000	0.132000	0.132000	0.132000	1582	90873	65117	25756	1455157463	2.450363	281472829270027.406250	
552	552	552	1	0.139000	0.139000	0.139000	0.139000	0.139000	1917	122254	89040	33214	1520962786	2.591599	281472829270027.406250	
560	560	560	1	0.145000	0.145000	0.145000	0.145000	0.145000	2781	145274	102508	42766	1588580857	2.682373	281472829270027.406250	
568	568	568	1	0.151000	0.151000	0.151000	0.151000	0.151000	1501	140314	100128	40186	1656098208	2.790421	281472829270027.406250	
576	576	576	1	0.157000	0.157000	0.157000	0.157000	0.157000	2125	130257	91511	38746	1726904992	2.912903	281472829270027.406250	
584	584	584	1	0.164000	0.164000	0.164000	0.164000	0.164000	1845	163815	113856	49959	1800139190	3.028076	281472829270027.406250	
592	592	592	1	0.171000	0.171000	0.171000	0.171000	0.171000	1686	177410	127803	49607	1874636221	3.159439	281472829270027.406250	
600	600	600	1	0.178000	0.178000	0.178000	0.178000	0.178000	2494	182064	123540	58524	1952540650	3.303558	281472829270027.406250	
608	608	608	1	0.185000	0.185000	0.185000	0.185000	0.185000	2335	184748	118466	66282	2031877902	3.420242	281472829270027.406250	
616	616	616	1	0.192000	0.192000	0.192000	0.192000	0.192000	1754	196351	133801	62550	2111778097	3.572128	281472829270027.406250	
624	624	624	1	0.200000	0.200000	0.200000	0.200000	0.200000	2078	227718	153107	74611	2195454993	3.708145	281472829270027.406250	
632	632	632	1	0.207000	0.207000	0.207000	0.207000	0.207000	2085	229390	146795	82595	2280726518	3.858582	281472829270027.406250	
640	640	640	1	0.215000	0.215000	0.215000	0.215000	0.215000	3107	210180	123737	86443	2368832989	4.012131	281472829270027.406250	
648	648	648	1	0.223000	0.223000	0.223000	0.223000	0.223000	3449	257169	159881	97288	2459596431	4.158203	281472829270027.406250	
656	656	656	1	0.232000	0.232000	0.232000	0.232000	0.232000	1981	250992	167877	83115	2549711864	4.281952	281472829270027.406250	
664	664	664	1	0.240000	0.240000	0.240000	0.240000	0.240000	2376	265197	164757	100440	2644445067	4.462952	281472829270027.406250	
672	672	672	1	0.249000	0.249000	0.249000	0.249000	0.249000	2810	256878	152093	104785	2741724219	4.626190	281472829270027.406250	
680	680	680	1	0.258000	0.258000	0.258000	0.258000	0.258000	2834	281291	172496	108795	2840887790	4.797333	281472829270027.406250	
688	688	688	1	0.267000	0.267000	0.267000	0.267000	0.267000	2146	299418	193024	106394	2940990141	4.966751	281472829270027.406250	
696	696	696	1	0.276000	0.276000	0.276000	0.276000	0.276000	2324	308142	186887	121255	3044883221	5.130463	281472829270027.406250	
704	704	704	1	0.286000	0.286000	0.286000	0.286000	0.286000	3704	300177	165880	134297	3152877389	5.324249	281472829270027.406250	
712	712	712	1	0.296000	0.296000	0.296000	0.296000	0.296000	2545	321605	197798	123807	3259180294	5.483246	281472829270027.406250	
720	720	720	1	0.306000	0.306000	0.306000	0.306000	0.306000	2447	358495	220362	138133	3370468876	5.689957	281472829270027.406250	
728	728	728	1	0.316000	0.316000	0.316000	0.316000	0.316000	3330	371702	216410	155292	3485323107	5.886124	281472829270027.406250	
736	736	736	1	0.326000	0.326000	0.326000	0.326000	0.326000	2616	338052	193976	144076	3599685134	6.049545	281472829270027.406250	
744	744	744	1	0.337000	0.337000	0.337000	0.337000	0.337000	2860	385239	228455	156784	3718603906	6.257172	281472829270027.406250	
752	752	752	1	0.348000	0.348000	0.348000	0.348000	0.348000	3475	413154	250841	162313	3841253456	6.490189	281472829270027.406250	
760	760	760	1	0.359000	0.359000	0.359000	0.359000	0.359000	2665	397971	239934	158037	3962930736	6.657318	281472829270027.406250	
768	768	768	1	0.370000	0.370000	0.370000	0.370000	0.370000	3516	347987	175594	172393	4089752737	6.852951	281472829270027.406250	
776	776	776	1	0.382000	0.382000	0.382000	0.382000	0.382000	3610	435882	253098	182784	4220240404	7.107483	281472829270027.406250	
784	784	784	1	0.402000	0.402000	0.402000	0.402000	0.402000	2773	715957	277377	438580	4350296329	7.429031	281472829270027.406250	
792	792	792	1	0.409000	0.409000	0.409000	0.409000	0.409000	6971	559096	282153	276943	4490795857	7.636368	281472829270027.406250	
800	800	800	1	0.421000	0.421000	0.421000	0.421000	0.421000	3335	517140	247970	269170	4621897556	7.841766	281472829270027.406250	
808	808	808	1	0.434000	0.434000	0.434000	0.434000	0.434000	12436	561011	283969	277042	4764052613	8.096054	281472829270027.406250	
816	816	816	1	0.454000	0.454000	0.454000	0.454000	0.454000	3175	830897	312278	518619	4905461249	8.437592	281472829270027.406250	
824	824	824	1	0.499000	0.499000	0.499000	0.499000	0.499000	3393	2113893	294171	1819722	5050591162	9.194778	281472829270027.406250	
832	832	832	1	0.523000	0.523000	0.523000	0.523000	0.523000	3850	2600921	256313	2344608	5199308951	9.619293	281472829270027.406250	
840	840	840	1	0.563000	0.563000	0.563000	0.563000	0.563000	4252	3714901	308041	3406860	5351616572	10.326126	281472829270027.406250	
848	848	848	1	0.584000	0.584000	0.584000	0.584000	0.584000	3146	8161092	305200	7855892	5503701119	10.714981	281472829270027.406250	
856	856	856	1	0.629000	0.629000	0.629000	0.629000	0.629000	4660	9478881	286471	9192410	5662701649	11.530579	281472829270027.406250	
864	864	864	1	0.680000	0.680000	0.680000	0.680000	0.680000	4089	14139048	247708	13891340	5821794962	12.439316	281472829270027.406250	
872	872	872	1	0.697000	0.697000	0.697000	0.697000	0.697000	3903	11583079	295665	11287414	5984312548	12.707489	281472829270027.406250	
880	880	880	1	0.717000	0.717000	0.717000	0.717000	0.717000	5184	14494304	323523	14170781	6153004575	13.119324	281472829270027.406250	
888	888	888	1	0.691000	0.691000	0.691000	0.691000	0.691000	4822	10534930	325281	10209649	6321237286	12.679230	281472829270027.406250	
896	896	896	1	0.737000	0.737000	0.737000	0.737000	0.737000	4364	7310893	282549	7028344	6491840372	13.379425	281472829270027.406250	
904	904	904	1	0.756000	0.756000	0.756000	0.756000	0.756000	5149	14785717	325094	14460623	6668153357	13.834595	281472829270027.406250	
912	912	912	1	0.826000	0.826000	0.826000	0.826000	0.826000	5309	20589998	319306	20270692	6847125995	15.041183	281472829270027.406250	
920	920	920	1	0.843000	0.843000	0.843000	0.843000	0.843000	4743	20542158	324572	20217586	7028420040	15.349792	281472829270027.406250	
928	928	928	1	0.888000	0.888000	0.888000	0.888000	0.888000	21864	22124514	284269	21840245	7216418860	16.118576	281472829270027.406250	
936	936	936	1	0.823000	0.823000	0.823000	0.823000	0.823000	5542	5788574	402133	5386441	7401771776	14.950348	281472829270027.406250	
944	944	944	1	0.950000	0.950000	0.950000	0.950000	0.950000	5216	21406689	365969	21040720	7592985236	17.198105	281472829270027.406250	
952	952	952	1	0.950000	0.950000	0.950000	0.950000	0.950000	5459	16552903	354090	16198813	7786885059	17.131104	281472829270027.406250	
960	960	960	1	0.958000	0.958000	0.958000	0.958000	0.958000	8312	10167731	360405	9807326	7986901683	17.216553	281472829270027.406250	
968	968	968	1	0.995000	0.995000	0.995000	0.995000	0.995000	5199	22144993	356535	21788458	8185842806	18.044617	281472829270027.406250	
976	976	976	1	1.071000	1.071000	1.071000	1.071000	1.071000	5282	12655080	439570	12215510	8390265670	19.226837	281472829270027.406250	
984	984	984	1	1.130000	1.130000	1.130000	1.130000	1.130000	5583	29617226	329583	29287643	8598127473	20.401779	281472829270027.406250	
992	992	992	1	1.161000	1.161000	1.161000	1.161000	1.161000	5915	15297576	371588	14925988	8809381925	20.718704	281472829270027.406250	
1000	1000	1000	1	1.223000	1.223000	1.223000	1.223000	1.223000	16884	17045651	421309	16624342	9030152927	21.891998	281472829270027.406250	
1008	1008	1008	1	1.256000	1.256000	1.256000	1.256000	1.256000	6311	17139434	463687	16675747	9244326490	22.398651	281472829270027.406250	
1016	1016	1016	1	1.357000	1.357000	1.357000	1.357000	1.357000	7582	21818262	415117	21403145	9464304146	24.158600	281472829270027.406250	
1024	1024	1024	1	1.284000	1.284000	1.284000	1.284000	1.284000	10438	18472297	277012	18195285	9689109933	22.958069	281472829270027.406250	
1032	1032	1032	1	1.559000	1.559000	1.559000	1.559000	1.559000	7765	64100134	226179	63873955	9919882862	27.977478	281472829270027.406250	
1040	1040	1040	1	1.471000	1.471000	1.471000	1.471000	1.471000	8572	22948870	468021	22480849	10150746775	26.165771	281472829270027.406250	
1048	1048	1048	1	1.568000	1.568000	1.568000	1.568000	1.568000	8711	28974102	423329	28550773	10388749513	27.850525	281472829270027.406250	
1056	1056	1056	1	1.753000	1.753000	1.753000	1.753000	1.753000	17892	79153105	179822	78973283	10629588984	31.451401	281472829270027.406250	
1064	1064	1064	1	1.683000	1.683000	1.683000	1.683000	1.683000	9762	33876377	425508	33450869	10869966434	29.860657	281472829270027.406250	
1072	1072	1072	1	1.741000	1.741000	1.741000	1.741000	1.741000	11315	31216237	484399	30731838	11117661920	30.831757	281472829270027.406250	
1080	1080	1080	1	2.065000	2.065000	2.065000	2.065000	2.065000	17572	66605599	352289	66253310	11374484493	36.608566	281472829270027.406250	
1088	1088	1088	1	1.871000	1.871000	1.871000	1.871000	1.871000	9648	39946456	366198	39580258	11623488379	33.243942	281472829270027.406250	
1096	1096	1096	1	2.081000	2.081000	2.081000	2.081000	2.081000	18949	121466195	173853	121292342	11882670718	37.651657	281472829270027.406250	
1104	1104	1104	1	1.992000	1.992000	1.992000	1.992000	1.992000	11030	43437001	469306	42967695	12141892148	35.385834	281472829270027.406250	
1112	1112	1112	1	2.104000	2.104000	2.104000	2.104000	2.104000	11289	47929247	416659	47512588	12408126326	37.289215	281472829270027.406250	
1120	1120	1120	1	2.109000	2.109000	2.109000	2.109000	2.109000	10559	49199773	382533	48817240	12678468655	37.456985	281472829270027.406250	
1128	1128	1128	1	2.189000	2.189000	2.189000	2.189000	2.189000	11331	53213038	425781	52787257	12950547835	38.884445	281472829270027.406250	
1136	1136	1136	1	2.296000	2.296000	2.296000	2.296000	2.296000	20804	55659187	458611	55200576	13230101023	40.740387	281472829270027.406250	
1144	1144	1144	1	2.346000	2.346000	2.346000	2.346000	2.346000	16918	57502211	433217	57068994	13511615661	41.734741	281472829270027.406250	
1152	1152	1152	1	2.425000	2.425000	2.425000	2.425000	2.425000	11782	63375092	358654	63016438	13795707977	43.028290	281472829270027.406250	
1160	1160	1160	1	2.482000	2.482000	2.482000	2.482000	2.482000	13149	64480276	434571	64045705	14084133485	44.115814	281472829270027.406250	
1168	1168	1168	1	2.564000	2.564000	2.564000	2.564000	2.564000	23095	68207180	461857	67745323	14379788392	45.564056	281472829270027.406250	
1176	1176	1176	1	2.634000	2.634000	2.634000	2.634000	2.634000	15803	71114798	432067	70682731	14677574007	46.789215	281472829270027.406250	
1184	1184	1184	1	2.745000	2.745000	2.745000	2.745000	2.745000	17600	75271792	388629	74883163	14980683875	48.733185	281472829270027.406250	
1192	1192	1192	1	2.785000	2.785000	2.785000	2.785000	2.785000	14396	77970513	438605	77531908	15279801271	49.403839	281472829270027.406250	
1200	1200	1200	1	2.870000	2.870000	2.870000	2.870000	2.870000	46595	81720975	469484	81251491	15598424901	50.946014	281472829270027.406250	
1208	1208	1208	1	2.944000	2.944000	2.944000	2.944000	2.944000	15729	85022116	436438	84585678	15905515737	52.270157	281472829270027.406250	
1216	1216	1216	1	2.996000	2.996000	2.996000	2.996000	2.996000	17610	88848829	382001	88466828	16226949885	53.291107	281472829270027.406250
1240	1240	1240	1	3.254000	3.254000	3.254000	3.254000	3.254000	254642	100225287	459117	99766170	17320686227	59.375107	281472831483042.968750	
1272	1272	1272	1	3.559000	3.559000	3.559000	3.559000	3.559000	25843	115599599	435988	115163611	18569696778	63.458344	281472829257354.718750	
1304	1304	1304	1	3.887000	3.887000	3.887000	3.887000	3.887000	35957	132745107	432701	132312406	20010151110	69.464905	281472829257354.718750	
1336	1336	1336	1	4.206000	4.206000	4.206000	4.206000	4.206000	31912	150756279	446193	150310086	21516348896	75.315735	281472829257354.718750	
1368	1368	1368	1	4.540000	4.540000	4.540000	4.540000	4.540000	38932	169687930	446625	169241305	23099115885	81.409698	281472829257354.718750	
1400	1400	1400	1	4.868000	4.868000	4.868000	4.868000	4.868000	36340	190120019	463448	189656571	24757036656	88.142426	281472829257354.718750	
1432	1432	1432	1	5.228000	5.228000	5.228000	5.228000	5.228000	44624	211525001	469663	211055338	26491849332	94.183426	281472829257354.718750	
1464	1464	1464	1	5.592000	5.592000	5.592000	5.592000	5.592000	43916	234162283	479219	233683064	28307259905	100.719894	281472829257354.718750	
1496	1496	1496	1	5.977000	5.977000	5.977000	5.977000	5.977000	65468	258290770	496132	257794638	30212622878	107.864349	281472829257354.718750	
1528	1528	1528	1	6.360000	6.360000	6.360000	6.360000	6.360000	66675	282937652	502018	282435634	32180596857	114.765640	281472829257354.718750	
1560	1560	1560	1	6.789000	6.789000	6.789000	6.789000	6.789000	88726	309162916	510150	308652766	34247346726	122.374649	281472829257354.718750	
1592	1592	1592	1	7.205000	7.205000	7.205000	7.205000	7.205000	151916	336837365	528184	336309181	36401472259	130.339050	281472829257354.718750	
1624	1624	1624	1	7.670000	7.670000	7.670000	7.670000	7.670000	209691	365781985	556845	365225140	38638460919	139.088089	281472829257354.718750	
1656	1656	1656	1	8.136000	8.136000	8.136000	8.136000	8.136000	296030	395770625	561412	395209213	40961224226	147.938004	281472829257354.718750	
1688	1688	1688	1	8.640000	8.640000	8.640000	8.640000	8.640000	433734	427618130	582914	427035216	43385574599	157.466827	281472829257354.718750	
1720	1720	1720	1	9.141000	9.141000	9.141000	9.141000	9.141000	590526	460408177	600667	459807510	45893951659	166.958817	281472829257354.718750	
1752	1752	1752	1	9.674000	9.674000	9.674000	9.674000	9.674000	772433	494861765	621476	494240289	48502753235	176.972687	281472829257354.718750	
1784	1784	1784	1	10.192000	10.192000	10.192000	10.192000	10.192000	984972	530572642	615466	529957176	51207247926	187.037857	281472829257354.718750	
1816	1816	1816	1	10.773000	10.773000	10.773000	10.773000	10.773000	1298035	568198775	652308	567546467	54029561541	198.329086	281472829257354.718750	
1848	1848	1848	1	11.339000	11.339000	11.339000	11.339000	11.339000	1552291	607156202	686320	606469882	56926824897	209.557037	281472829257354.718750	
1880	1880	1880	1	11.989000	11.989000	11.989000	11.989000	11.989000	1858548	646942005	667646	646274359	59926242716	222.378799	281472829257354.718750	
1912	1912	1912	1	12.579000	12.579000	12.579000	12.579000	12.579000	2253635	689131536	703475	688428061	63047059791	234.016983	281472829257354.718750	
1944	1944	1944	1	13.232000	13.232000	13.232000	13.232000	13.232000	2624422	732283776	707587	731576189	66252126703	246.959412	281472829257354.718750	
1976	1976	1976	1	13.914000	13.914000	13.914000	13.914000	13.914000	3197106	777345395	730333	776615062	69588869119	260.645966	281472829257354.718750	
2008	2008	2008	1	14.594000	14.594000	14.594000	14.594000	14.594000	3870023	823674055	725462	822948593	73013535869	274.434128	281472829257354.718750	
2040	2040	2040	1	15.318000	15.318000	15.318000	15.318000	15.318000	8199389	871810062	745876	871064186	76557531490	288.688980	281472829257354.718750