
Test config
Factor: 0
A: row-based naive
B: column-based naive
C: row-based naive
n	p	m	Trials	Min    [s]	Lower  [s]	Median [s]	Upper  [s]	Max [s]	L2 hits	L2 misses	L3 hits	L3 misses	Inst. ret.	CPU Energy [J]	DRAM Energy [J]
8	8	8	1	0.000000	0.000000	0.000000	0.000000	0.000000	743	444	340	104	238862	0.000000	281474976710539.500000	
16	16	16	1	0.000000	0.000000	0.000000	0.000000	0.000000	664	352	316	36	273456	0.000000	281474966163592.281250	
24	24	24	1	0.000000	0.000000	0.000000	0.000000	0.000000	11	2083	1312	771	379032	0.000000	281474966163592.281250	
32	32	32	1	0.000000	0.000000	0.000000	0.000000	0.000000	116	1597	1345	252	586677	0.011780	281474966163592.281250	
40	40	40	1	0.000000	0.000000	0.000000	0.000000	0.000000	720	809	594	215	852381	0.010788	281474966163592.281250	
48	48	48	1	0.000000	0.000000	0.000000	0.000000	0.000000	176	1169	904	265	1280046	0.011658	281474966163592.281250	
56	56	56	1	0.000000	0.000000	0.000000	0.000000	0.000000	587	1245	863	382	1884218	0.000000	281474966163592.281250	
64	64	64	1	0.001000	0.001000	0.001000	0.001000	0.001000	1030	1159	785	374	2695257	0.011169	281474966163592.281250	
72	72	72	1	0.001000	0.001000	0.001000	0.001000	0.001000	1276	1996	1682	314	3785815	0.011429	281474966163592.281250	
80	80	80	1	0.001000	0.001000	0.001000	0.001000	0.001000	1299	1456	1030	426	4997733	0.010666	281474966163592.281250	
88	88	88	1	0.001000	0.001000	0.001000	0.001000	0.001000	1222	3659	2211	1448	6704363	0.022293	281474966163592.281250	
96	96	96	1	0.002000	0.002000	0.002000	0.002000	0.002000	2009	1690	1182	508	8442515	0.022217	281474966163643.500000	
104	104	104	1	0.002000	0.002000	0.002000	0.002000	0.002000	1923	2882	2249	633	10672866	0.032898	281474966163643.500000	
112	112	112	1	0.003000	0.003000	0.003000	0.003000	0.003000	1994	2503	1850	653	13214083	0.031448	281474966163643.500000	
120	120	120	1	0.004000	0.004000	0.004000	0.004000	0.004000	2586	2611	1887	724	16182778	0.043213	281474966163643.500000	
128	128	128	1	0.004000	0.004000	0.004000	0.004000	0.004000	2104	2792	1867	925	19536944	0.051666	281474966163643.500000	
136	136	136	1	0.005000	0.005000	0.005000	0.005000	0.005000	2696	3835	1978	1857	23348626	0.061737	281474966163643.500000	
144	144	144	1	0.006000	0.006000	0.006000	0.006000	0.006000	3839	3323	2090	1233	27635220	0.068832	281474966163643.500000	
152	152	152	1	0.007000	0.007000	0.007000	0.007000	0.007000	3153	4219	2527	1692	32434701	0.061203	281474966163643.500000	
160	160	160	1	0.008000	0.008000	0.008000	0.008000	0.008000	4302	4406	2677	1729	37745190	0.079910	281474966163643.500000	
168	168	168	1	0.010000	0.010000	0.010000	0.010000	0.010000	3749	4462	2760	1702	43620340	0.078354	281474966163643.500000	
176	176	176	1	0.011000	0.011000	0.011000	0.011000	0.011000	3480	4395	2860	1535	50069999	0.095520	281474966163643.500000	
184	184	184	1	0.012000	0.012000	0.012000	0.012000	0.012000	4668	8220	2969	5251	57144558	0.121201	281474966163643.500000	
192	192	192	1	0.006000	0.006000	0.006000	0.006000	0.006000	3083	5364	3513	1851	64832551	0.124573	281474966163643.500000	
200	200	200	1	0.007000	0.007000	0.007000	0.007000	0.007000	3667	6015	4147	1868	73203507	0.127060	281474966163643.500000	
208	208	208	1	0.008000	0.008000	0.008000	0.008000	0.008000	2527	11073	5225	5848	82258618	0.147583	281474966163643.500000	
216	216	216	1	0.009000	0.009000	0.009000	0.009000	0.009000	2888	7499	5771	1728	92055423	0.147583	281474966163643.500000	
224	224	224	1	0.009000	0.009000	0.009000	0.009000	0.009000	3083	8715	6828	1887	102611384	0.167068	281474966163643.500000	
232	232	232	1	0.010000	0.010000	0.010000	0.010000	0.010000	2651	9534	7107	2427	113934346	0.200485	281474966163643.500000	
240	240	240	1	0.011000	0.011000	0.011000	0.011000	0.011000	3023	11020	8524	2496	126054463	0.204636	281474966163643.500000	
248	248	248	1	0.013000	0.013000	0.013000	0.013000	0.013000	3241	11226	8719	2507	139010706	0.240631	281474966163643.500000	
256	256	256	1	0.014000	0.014000	0.014000	0.014000	0.014000	1667	29970	21854	8116	154299785	0.268509	281474966163643.500000	
264	264	264	1	0.015000	0.015000	0.015000	0.015000	0.015000	524	16749	14095	2654	167866845	0.278839	281474966163592.281250	
272	272	272	1	0.017000	0.017000	0.017000	0.017000	0.017000	529	16225	14335	1890	183497159	0.297424	281474966163592.281250	
280	280	280	1	0.018000	0.018000	0.018000	0.018000	0.018000	567	17400	15546	1854	200079894	0.334885	281474966163592.281250	
288	288	288	1	0.020000	0.020000	0.020000	0.020000	0.020000	720	18532	15167	3365	217635664	0.371201	281474966163592.281250	
296	296	296	1	0.021000	0.021000	0.021000	0.021000	0.021000	699	19413	17718	1695	236188941	0.390854	281474966163592.281250	
304	304	304	1	0.023000	0.023000	0.023000	0.023000	0.023000	732	22273	19753	2520	255767260	0.426453	281474966163592.281250	
312	312	312	1	0.025000	0.025000	0.025000	0.025000	0.025000	721	23532	20182	3350	276398992	0.442520	281474966163592.281250	
320	320	320	1	0.027000	0.027000	0.027000	0.027000	0.027000	947	22460	19246	3214	298120499	0.483475	281474966163592.281250	
328	328	328	1	0.029000	0.029000	0.029000	0.029000	0.029000	763	26469	23711	2758	320944586	0.540482	281474966163592.281250	
336	336	336	1	0.031000	0.031000	0.031000	0.031000	0.031000	846	27032	25139	1893	344898144	0.576614	281474966163592.281250	
344	344	344	1	0.033000	0.033000	0.033000	0.033000	0.033000	919	29668	26785	2883	370057471	0.596481	281474966163592.281250	
352	352	352	1	0.035000	0.035000	0.035000	0.035000	0.035000	1133	27999	25977	2022	396358711	0.651093	281474966163592.281250	
360	360	360	1	0.037000	0.037000	0.037000	0.037000	0.037000	983	32177	30376	1801	423891879	0.705551	281474966163592.281250	
368	368	368	1	0.040000	0.040000	0.040000	0.040000	0.040000	1102	34057	32164	1893	452683474	0.726990	281474966163592.281250	
376	376	376	1	0.043000	0.043000	0.043000	0.043000	0.043000	1247	35879	33762	2117	482745790	0.781311	281474966163592.281250	
384	384	384	1	0.045000	0.045000	0.045000	0.045000	0.045000	2766	39820	33997	5823	514691810	0.846146	281474966163592.281250	
392	392	392	1	0.048000	0.048000	0.048000	0.048000	0.048000	1369	43646	38377	5269	546889653	0.900742	281474966163592.281250	
400	400	400	1	0.051000	0.051000	0.051000	0.051000	0.051000	1062	45001	40148	4853	580884683	0.951126	281474966163592.281250	
408	408	408	1	0.054000	0.054000	0.054000	0.054000	0.054000	1109	46193	41252	4941	616330911	1.006531	281474966163592.281250	
416	416	416	1	0.058000	0.058000	0.058000	0.058000	0.058000	1250	49777	42476	7301	653304993	1.069321	281474966163592.281250	
424	424	424	1	0.061000	0.061000	0.061000	0.061000	0.061000	1154	51097	45816	5281	691472755	1.117142	281474966163592.281250	
432	432	432	1	0.064000	0.064000	0.064000	0.064000	0.064000	1281	54724	48920	5804	731236592	1.192017	281474966163592.281250	
440	440	440	1	0.068000	0.068000	0.068000	0.068000	0.068000	1255	58714	51106	7608	772507519	1.248611	281474966163592.281250	
448	448	448	1	0.072000	0.072000	0.072000	0.072000	0.072000	3398	59154	49168	9986	816697433	1.345673	281474966163592.281250	
456	456	456	1	0.075000	0.075000	0.075000	0.075000	0.075000	1300	66375	57915	8460	859632584	1.396286	281474966163592.281250	
464	464	464	1	0.079000	0.079000	0.079000	0.079000	0.079000	1370	68776	60097	8679	905563521	1.490311	281474966163592.281250	
472	472	472	1	0.084000	0.084000	0.084000	0.084000	0.084000	1459	72428	63005	9423	953082895	1.548508	281474966163592.281250	
480	480	480	1	0.088000	0.088000	0.088000	0.088000	0.088000	1681	73337	59554	13783	1002381265	1.641449	281474966163592.281250	
488	488	488	1	0.092000	0.092000	0.092000	0.092000	0.092000	1723	85557	69323	16234	1053181463	1.732132	281474966163592.281250	
496	496	496	1	0.097000	0.097000	0.097000	0.097000	0.097000	2843	101483	79391	22092	1106318075	1.807144	281474966163592.281250	
504	504	504	1	0.102000	0.102000	0.102000	0.102000	0.102000	1879	100764	81058	19706	1160114169	1.888443	281474966163592.281250	
512	512	512	1	0.107000	0.107000	0.107000	0.107000	0.107000	5241	61981	42389	19592	1215851637	1.968048	281474966163592.281250	
520	520	520	1	0.112000	0.112000	0.112000	0.112000	0.112000	2286	118513	92292	26221	1274483976	2.081467	281474966163592.281250	
528	528	528	1	0.117000	0.117000	0.117000	0.117000	0.117000	3324	131429	99092	32337	1334489165	2.187408	281474966163592.281250	
536	536	536	1	0.122000	0.122000	0.122000	0.122000	0.122000	1897	140000	106223	33777	1394528807	2.257401	281474966163592.281250	
544	544	544	1	0.128000	0.128000	0.128000	0.128000	0.128000	2192	137445	99841	37604	1457792053	2.368484	281474966163592.281250	
552	552	552	1	0.133000	0.133000	0.133000	0.133000	0.133000	2004	167347	125800	41547	1522898484	2.483368	281474966163592.281250	
560	560	560	1	0.139000	0.139000	0.139000	0.139000	0.139000	2988	192136	135464	56672	1590543564	2.605545	281474966163592.281250	
568	568	568	1	0.145000	0.145000	0.145000	0.145000	0.145000	2099	190585	138603	51982	1658918698	2.704849	281474966163592.281250	
576	576	576	1	0.151000	0.151000	0.151000	0.151000	0.151000	3056	189126	128160	60966	1730580089	2.820557	281474966163592.281250	
584	584	584	1	0.158000	0.158000	0.158000	0.158000	0.158000	3273	221187	152756	68431	1804089362	2.937363	281474966163592.281250	
592	592	592	1	0.164000	0.164000	0.164000	0.164000	0.164000	2220	223225	155002	68223	1877712545	3.058792	281474966163592.281250	
600	600	600	1	0.171000	0.171000	0.171000	0.171000	0.171000	2205	233760	161664	72096	1954841938	3.197983	281474966163592.281250	
608	608	608	1	0.178000	0.178000	0.178000	0.178000	0.178000	3125	251279	159321	91958	2034581050	3.326843	281474966163592.281250	
616	616	616	1	0.185000	0.185000	0.185000	0.185000	0.185000	2218	256862	176124	80738	2115022646	3.431992	281474966163592.281250	
624	624	624	1	0.192000	0.192000	0.192000	0.192000	0.192000	4506	280477	183160	97317	2200394947	3.598038	281474966163592.281250	
632	632	632	1	0.200000	0.200000	0.200000	0.200000	0.200000	2283	289290	194873	94417	2283819302	3.732437	281474966163592.281250	
640	640	640	1	0.208000	0.208000	0.208000	0.208000	0.208000	2783	269572	157565	112007	2371510275	3.857025	281474966163592.281250	
648	648	648	1	0.215000	0.215000	0.215000	0.215000	0.215000	12105	335138	212452	122686	2464006192	4.041885	281474966163592.281250	
656	656	656	1	0.223000	0.223000	0.223000	0.223000	0.223000	2754	325333	215560	109773	2554290369	4.170288	281474966163592.281250	
664	664	664	1	0.232000	0.232000	0.232000	0.232000	0.232000	3572	341142	223285	117857	2649251981	4.326324	281474966163592.281250	
672	672	672	1	0.240000	0.240000	0.240000	0.240000	0.240000	2556	343475	220529	122946	2744785659	4.487793	281474966163592.281250	
680	680	680	1	0.249000	0.249000	0.249000	0.249000	0.249000	3574	377654	243627	134027	2844378070	4.659302	281474966163592.281250	
688	688	688	1	0.261000	0.261000	0.261000	0.261000	0.261000	3836	505026	257636	247390	2947885899	4.898682	281474966163592.281250	
696	696	696	1	0.267000	0.267000	0.267000	0.267000	0.267000	4192	422302	270562	151740	3051014961	4.989578	281474966163592.281250	
704	704	704	1	0.276000	0.276000	0.276000	0.276000	0.276000	3654	384829	234497	150332	3155844991	5.151642	281474966163592.281250	
712	712	712	1	0.293000	0.293000	0.293000	0.293000	0.293000	2763	617398	278734	338664	3263998816	5.463242	281474966163592.281250	
720	720	720	1	0.297000	0.297000	0.297000	0.297000	0.297000	4385	478534	285979	192555	3376689786	5.538635	281474966163592.281250	
728	728	728	1	0.310000	0.310000	0.310000	0.310000	0.310000	2810	592505	292214	300291	3488310937	5.766708	281474966163592.281250	
736	736	736	1	0.317000	0.317000	0.317000	0.317000	0.317000	4170	504628	286964	217664	3605140090	5.941254	281474966163592.281250	
744	744	744	1	0.331000	0.331000	0.331000	0.331000	0.331000	4757	662034	312774	349260	3725024180	6.172363	281474966163592.281250	
752	752	752	1	0.336000	0.336000	0.336000	0.336000	0.336000	3734	501192	334711	166481	3844641646	6.269806	281474966163592.281250	
760	760	760	1	0.355000	0.355000	0.355000	0.355000	0.355000	2888	799005	343298	455707	3968732784	6.649643	281474966163592.281250	
768	768	768	1	0.367000	0.367000	0.367000	0.367000	0.367000	5268	732477	236002	496475	4095775490	6.823868	281474966163592.281250	
776	776	776	1	0.379000	0.379000	0.379000	0.379000	0.379000	4070	841707	366683	475024	4224212516	7.070953	281474966163592.281250	
784	784	784	1	0.395000	0.395000	0.395000	0.395000	0.395000	5329	990468	373307	617161	4358029130	7.372330	281474966163592.281250	
792	792	792	1	0.418000	0.418000	0.418000	0.418000	0.418000	4307	1478103	385757	1092346	4490568843	7.752121	281474966163592.281250	
800	800	800	1	0.420000	0.420000	0.420000	0.420000	0.420000	5803	986965	366119	620846	4630255113	7.851639	281474966163592.281250	
808	808	808	1	0.441000	0.441000	0.441000	0.441000	0.441000	4442	1328811	418492	910319	4768656143	8.210968	281474966163592.281250	
816	816	816	1	0.466000	0.466000	0.466000	0.466000	0.466000	5049	1738468	415169	1323299	4911607528	8.642151	281474966163592.281250	
824	824	824	1	0.471000	0.471000	0.471000	0.471000	0.471000	4763	1540177	424677	1115500	5056921432	8.736008	281474966163592.281250	
832	832	832	1	0.484000	0.484000	0.484000	0.484000	0.484000	4944	1515484	392784	1122700	5205620242	8.980774	281474966163592.281250	
840	840	840	1	0.510000	0.510000	0.510000	0.510000	0.510000	4657	1895042	445397	1449645	5356744301	9.431885	281474966163592.281250	
848	848	848	1	0.538000	0.538000	0.538000	0.538000	0.538000	5179	2412098	457546	1954552	5511138625	9.926758	281474966163592.281250	
856	856	856	1	0.562000	0.562000	0.562000	0.562000	0.562000	5884	2653621	474204	2179417	5668879850	10.351227	281474966163592.281250	
864	864	864	1	0.574000	0.574000	0.574000	0.574000	0.574000	14743	2720427	440889	2279538	5831379769	10.583755	281474966163592.281250	
872	872	872	1	0.596000	0.596000	0.596000	0.596000	0.596000	5833	2953536	489057	2464479	5992516228	10.975937	281474966163592.281250	
880	880	880	1	0.609000	0.609000	0.609000	0.609000	0.609000	5384	3011381	491966	2519415	6158625274	11.238922	281474966163592.281250	
888	888	888	1	0.643000	0.643000	0.643000	0.643000	0.643000	6168	3770312	492630	3277682	6328219215	11.797195	281474966163592.281250	
896	896	896	1	0.731000	0.731000	0.731000	0.731000	0.731000	5655	15815392	347509	15467883	6498715107	13.375809	281474966163592.281250	
904	904	904	1	0.721000	0.721000	0.721000	0.721000	0.721000	8054	8496299	485157	8011142	6676646377	13.230423	281474966163592.281250	
912	912	912	1	0.730000	0.730000	0.730000	0.730000	0.730000	5795	5161569	517292	4644277	6854334113	13.335907	281474966163592.281250	
920	920	920	1	0.770000	0.770000	0.770000	0.770000	0.770000	7467	7082783	512850	6569933	7036272669	14.026642	281474966163592.281250	
928	928	928	1	0.809000	0.809000	0.809000	0.809000	0.809000	5806	7708146	476507	7231639	7220437894	14.724854	281474966163592.281250	
936	936	936	1	0.839000	0.839000	0.839000	0.839000	0.839000	9914	7869068	543808	7325260	7409414879	15.307007	281474966163592.281250	
944	944	944	1	0.882000	0.882000	0.882000	0.882000	0.882000	7319	8636559	539363	8097196	7600688170	16.047943	281474966163592.281250	
952	952	952	1	1.047000	1.047000	1.047000	1.047000	1.047000	7566	36814206	360805	36453401	7795464558	18.996674	281474966163592.281250	
960	960	960	1	0.962000	0.962000	0.962000	0.962000	0.962000	23354	11274597	483996	10790601	7996108051	17.381866	281474966163592.281250	
968	968	968	1	0.990000	0.990000	0.990000	0.990000	0.990000	7623	11059486	559356	10500130	8194451859	17.855026	281474966163592.281250	
976	976	976	1	1.005000	1.005000	1.005000	1.005000	1.005000	7586	11172855	586336	10586519	8399115339	18.141830	281474966163592.281250	
984	984	984	1	1.079000	1.079000	1.079000	1.079000	1.079000	9293	14859855	580441	14279414	8609192787	19.462158	281474966163592.281250	
992	992	992	1	1.144000	1.144000	1.144000	1.144000	1.144000	8581	16600287	519739	16080548	8819599669	20.493057	281474966163592.281250	
1000	1000	1000	1	1.195000	1.195000	1.195000	1.195000	1.195000	8257	18864609	569353	18295256	9033138664	21.411331	281474966163592.281250	
1008	1008	1008	1	1.227000	1.227000	1.227000	1.227000	1.227000	9987	18372260	584026	17788234	9252772736	22.001068	281474966163592.281250	
1016	1016	1016	1	1.265000	1.265000	1.265000	1.265000	1.265000	49165	20993390	610512	20382878	9494393044	22.749466	281474966163592.281250	
1024	1024	1024	1	1.327000	1.327000	1.327000	1.327000	1.327000	15986	23613212	307850	23305362	9700644729	23.670532	281474966163592.281250	
